10000000000000000000000000000 3 2
10000000000000000000000000000 2 2
10000000000000000000000000000 3 2
10000000000000000000000000000 2 2
10000000000000000000000000000 1 1
10000000000000000000000000000 3 1
10000000000000000000000000000 10000000000000000000000000000 1
10000000000000000000000000000 10000000000000000000000000000 2
10000000000000000000000000000 45555555554545455555 1
100000000000000000 100000000000000000 1
10000000000000000000000000000 1 1
10000000000000000000000000000 11111111111111111111111 1
10000000000000000000000000000 2222222222 2
10000000000000000000000000000 77777777777777777777777 2
10000000000000000000000000000 8888888888777777777777 1
10000000000000000000000000000 121212121212121212121 2
100000000 25 1
100000 200 1
1000000 10 1
-1 -500 1
5 10 1
1e100 3 2